G-single-realtime #0
Let:
  T1 = {:type :ok, :f :txn, :value [[:r 36 [1 2 3 6 7 8 4 9 5 10 11 12 13 16 17 18 19 20 21 22 23 24 25 28 29 30 34 31 32 35 36 37 38 40 33 41 42 39 43 45 46 47 48 49 50 52 53 54 44 55 56 57 58 51 60 61 62 59 63 64 65 69 70 66 67 68 71 72 73 74 75 76 79 80 81 82 83 84 85 86 87 88 89 90 91 77 78 92 93 94 95 96 97 98 99 101 100]]], :time 120632966957, :process 168, :index 6451}
  T2 = {:type :ok, :f :txn, :value [[:append 5 119] [:append 36 106] [:r 36 [1 2 3 6 7 8 4 9 5 10 11 12 13 16 17 18 19 20 21 22 23 24 25 28 29 30 34 31 32 35 36 37 38 40 33 41 42 39 43 45 46 47 48 49 50 52 53 54 44 55 56 57 58 51 60 61 62 59 63 64 65 69 70 66 67 68 71 72 73 74 75 76 79 80 81 82 83 84 85 86 87 88 89 90 91 77 78 92 93 94 95 96 97 98 99 101 100 106]]], :time 120539446866, :process 25, :index 6437}
  T3 = {:type :ok, :f :txn, :value [[:r 36 [1 2 3 6 7 8 4 9 5 10 11 12 13 16 17 18 19 20 21 22 23 24 25 28 29 30 34 31 32 35 36 37 38 40 33 41 42 39 43 45 46 47 48 49 50 52 53 54 44 55 56 57 58 51 60 61 62 59 63 64 65 69 70 66 67 68 71 72 73 74 75 76 79 80 81 82 83 84 85 86 87 88 89 90 91 77 78 92 93 94 95 96 97 98 99 101 100 106 103 104]]], :time 120562247007, :process 15, :index 6441}

Then:
  - T1 < T2, because T1 did not observe T2's append of 106 to 36.
  - T2 < T3, because T2 completed at index 6437, 0.021 seconds before the invocation of T3, at index 6440.
  - However, T3 < T1, because T3 completed at index 6441, 0.021 seconds before the invocation of T1, at index 6444: a contradiction!


G-single-realtime #1
Let:
  T1 = {:type :ok, :f :txn, :value [[:r 87 [1 2 3 4 5 6 7 8 9 10 11 13 14 15 16 17 18 19 20 21 22 24 25 26 27 28 29 30 31 32 33 34 35 36 37 38 39 40 41 42 43 44 45 46 47 48 49 50 51 52 53 54 55 56 58 57 59 60 61 62 63 64 65 67]]], :time 331103299852, :process 442, :index 17797}
  T2 = {:type :ok, :f :txn, :value [[:append 90 112] [:append 87 68] [:append 90 113]], :time 330936464233, :process 250, :index 17775}
  T3 = {:type :ok, :f :txn, :value [[:append 80 91] [:append 72 71] [:append 90 114]], :time 330942817098, :process 260, :index 17777}
  T4 = {:type :ok, :f :txn, :value [[:r 72 [1 2 3 4 5 6 8 10 11 12 13 14 15 16 17 18 19 20 21 22 23 24 25 26 27 28 29 54 55 56 58 59 60 61 63 64 65 66 67 68 69 70 71]] [:append 90 115] [:r 90 [1 2 3 4 5 7 6 8 9 10 11 12 13 14 15 16 17 18 19 20 21 23 24 25 26 22 27 28 29 30 31 32 34 35 33 36 37 38 39 40 41 42 43 45 44 46 48 49 50 51 52 47 53 54 55 57 59 60 66 67 68 69 70 71 72 73 74 76 75 77 78 79 80 81 82 83 84 85 86 87 90 88 89 92 93 91 94 95 96 98 99 97 100 101 102 104 103 107 106 109 110 111 112 113 114 116 117 118 119 115]]], :time 331057854891, :process 255, :index 17789}

Then:
  - T1 < T2, because T1 did not observe T2's append of 68 to 87.
  - T2 < T3, because T3 appended 114 after T2 appended 113 to 90.
  - T3 < T4, because T4 observed T3's append of 71 to key 72.
  - However, T4 < T1, because T4 completed at index 17789, 0.015 seconds before the invocation of T1, at index 17792: a contradiction!


G-single-realtime #2
Let:
  T1 = {:type :ok, :f :txn, :value [[:r 78 [1 2 3 4 5 6 7 8 9 12 13 10 11 14 15 16 17 20 18 19 21 22 23 24 25 27 26 28 29 30 31 32 33 34 37 38 39 35 36 40 41 42 43 44 45 46 48 49 50 51 52 53 55 54 58 57 61 47 62 63 64 65 66 68 69 67 70 71 72 73 74 75 76 77 78 79 80 81 82 83 84 85 86 87 88 89 93 94 95 96 97 98 100 101 102]]], :time 251214190747, :process 388, :index 15251}
  T2 = {:type :ok, :f :txn, :value [[:append 78 106] [:r 78 [1 2 3 4 5 6 7 8 9 12 13 10 11 14 15 16 17 20 18 19 21 22 23 24 25 27 26 28 29 30 31 32 33 34 37 38 39 35 36 40 41 42 43 44 45 46 48 49 50 51 52 53 55 54 58 57 61 47 62 63 64 65 66 68 69 67 70 71 72 73 74 75 76 77 78 79 80 81 82 83 84 85 86 87 88 89 93 94 95 96 97 98 100 101 102 106]] [:append 77 77]], :time 251096454653, :process 195, :index 15235}
  T3 = {:type :ok, :f :txn, :value [[:append 78 109] [:r 77 [1 2 3 5 6 4 7 8 9 10 11 12 13 15 14 16 17 18 19 20 21 22 23 24 25 26 27 28 30 31 29 32 33 34 36 35 37 38 39 40 41 42 43 44 45 46 47 48 50 49 51 52 53 54 55 56 57 58 59 60 62 61 63 64 65 66 67 68 69 70 71 72 73 74 75 76 77]] [:r 78 [1 2 3 4 5 6 7 8 9 12 13 10 11 14 15 16 17 20 18 19 21 22 23 24 25 27 26 28 29 30 31 32 33 34 37 38 39 35 36 40 41 42 43 44 45 46 48 49 50 51 52 53 55 54 58 57 61 47 62 63 64 65 66 68 69 67 70 71 72 73 74 75 76 77 78 79 80 81 82 83 84 85 86 87 88 89 93 94 95 96 97 98 100 101 102 106 107 108 109]] [:r 77 [1 2 3 5 6 4 7 8 9 10 11 12 13 15 14 16 17 18 19 20 21 22 23 24 25 26 27 28 30 31 29 32 33 34 36 35 37 38 39 40 41 42 43 44 45 46 47 48 50 49 51 52 53 54 55 56 57 58 59 60 62 61 63 64 65 66 67 68 69 70 71 72 73 74 75 76 77]]], :time 251185928814, :process 205, :index 15245}

Then:
  - T1 < T2, because T1 did not observe T2's append of 106 to 78.
  - T2 < T3, because T3 observed T2's append of 77 to key 77.
  - However, T3 < T1, because T3 completed at index 15245, 0.018 seconds before the invocation of T1, at index 15250: a contradiction!


G-single-realtime #3
Let:
  T1 = {:type :ok, :f :txn, :value [[:r 30 [1 2 3 4 5 6 7 8 9 10 11 12 13 14 15 16 19 20 21 23 22 24 25 26 27 28 29 30 31 32 33 35 34 36 37 38 41 43 42 44 45 48 46 47 49 50 51 52 53 54 55 56 57 58 59 60 62 63 64 61 66 65 67 68 69 72 70 73 74 75 76 77 78 79 80 81 83 82 84 85 86 87 89 88 90 91 92 93 94 95 96 97 98 99 100 101 102 103 104 105 106 108 109 110 111 112 113 114]]], :time 120738689079, :process 173, :index 6469}
  T2 = {:type :ok, :f :txn, :value [[:append 30 115] [:append 36 102]], :time 120647469373, :process 20, :index 6453}
  T3 = {:type :ok, :f :txn, :value [[:append 36 108] [:append 36 109] [:r 36 [1 2 3 6 7 8 4 9 5 10 11 12 13 16 17 18 19 20 21 22 23 24 25 28 29 30 34 31 32 35 36 37 38 40 33 41 42 39 43 45 46 47 48 49 50 52 53 54 44 55 56 57 58 51 60 61 62 59 63 64 65 69 70 66 67 68 71 72 73 74 75 76 79 80 81 82 83 84 85 86 87 88 89 90 91 77 78 92 93 94 95 96 97 98 99 101 100 106 103 104 102 108 109]] [:append 35 64]], :time 120701146943, :process 25, :index 6461}

Then:
  - T1 < T2, because T1 did not observe T2's append of 115 to 30.
  - T2 < T3, because T3 appended 108 after T2 appended 102 to 36.
  - However, T3 < T1, because T3 completed at index 6461, 0.032 seconds before the invocation of T1, at index 6468: a contradiction!


G-single-realtime #4
Let:
  T1 = {:type :ok, :f :txn, :value [[:r 50 [1 2 3 4 5 6 7 8 9 10 11 12 13 14 15 16 18 17 19 20 21 22 23 24 25 26 27 28 30 31 32 34 33 35 36 37 38 39 40 41 42 43 45 44 46 47 48 49 50 52 55 56 57 58 59 61 60 62 63 64 65 66 67 68 69 70 71 72 73 74 75 77 76 78 79 80 81 82 83 85 84 86 88 87 90 91 89 92 93 94 95 96 97 98 99 101 102 100 103 104 105 106 108 107 109 110 111 112 113 114 115 116 118 119 117 120 121 122 124 125 126 127]]], :time 204957371686, :process 424, :index 9893}
  T2 = {:type :ok, :f :txn, :value [[:append 52 121] [:append 52 122] [:r 46 [9 26 27 34 48 49 50 51 52 53 54 55 56 57 58 59 60 61 62 63 64 65 66 67 68 69 70 71 72 73 74 75 76 77 78 80 81 82 84 85 86 87 88 89 90 91 92 93 94 95 96 97 98 99 100 101 102 103 104 105 106 107 108 110 111 109 112 113 115]] [:append 50 128]], :time 204937606546, :process 195, :index 9885}

Then:
  - T1 < T2, because T1 did not observe T2's append of 128 to 50.
  - However, T2 < T1, because T2 completed at index 9885, 0.001 seconds before the invocation of T1, at index 9887: a contradiction!